non-scaled circles -- min: 0.0, max: 89.0

1.0000000000 49.0000000000
1.0000000000 38.0000000000
1.0000000000 43.0000000000
1.0000000000 34.0000000000
1.0000000000 22.0000000000
1.0000000000 49.0000000000
1.0000000000 42.0000000000
1.0000000000 33.0000000000
1.0000000000 45.0000000000
1.0000000000 37.0000000000
1.0000000000 33.0000000000
1.0000000000 27.0000000000
1.0000000000 28.0000000000
1.0000000000 28.0000000000
1.0000000000 28.0000000000
1.0000000000 33.0000000000
1.0000000000 48.0000000000
1.0000000000 33.0000000000
1.0000000000 27.0000000000
1.0000000000 28.0000000000
1.0000000000 27.0000000000
1.0000000000 47.0000000000
1.0000000000 56.0000000000
1.0000000000 33.0000000000
1.0000000000 33.0000000000
1.0000000000 47.0000000000
1.0000000000 48.0000000000
1.0000000000 56.0000000000
1.0000000000 57.0000000000
1.0000000000 57.0000000000
1.0000000000 28.0000000000
1.0000000000 27.0000000000
1.0000000000 52.0000000000
1.0000000000 28.0000000000
1.0000000000 33.0000000000
1.0000000000 58.0000000000
1.0000000000 56.0000000000
1.0000000000 27.0000000000
1.0000000000 52.0000000000
1.0000000000 56.0000000000
1.0000000000 48.0000000000
1.0000000000 52.0000000000
1.0000000000 33.0000000000
1.0000000000 57.0000000000
1.0000000000 27.0000000000
1.0000000000 34.0000000000
1.0000000000 56.0000000000
1.0000000000 48.0000000000
1.0000000000 33.0000000000
1.0000000000 48.0000000000
1.0000000000 57.0000000000
1.0000000000 33.0000000000
1.0000000000 56.0000000000
1.0000000000 27.0000000000
1.0000000000 33.0000000000
1.0000000000 27.0000000000
1.0000000000 31.0000000000
1.0000000000 52.0000000000
1.0000000000 28.0000000000
1.0000000000 34.0000000000
1.0000000000 29.0000000000
1.0000000000 27.0000000000
1.0000000000 56.0000000000
1.0000000000 28.0000000000
1.0000000000 48.0000000000
1.0000000000 27.0000000000
1.0000000000 28.0000000000
1.0000000000 56.0000000000
1.0000000000 57.0000000000
1.0000000000 57.0000000000
1.0000000000 33.0000000000
1.0000000000 28.0000000000
1.0000000000 27.0000000000
1.0000000000 27.0000000000
1.0000000000 33.0000000000
1.0000000000 27.0000000000
1.0000000000 28.0000000000
1.0000000000 56.0000000000
1.0000000000 34.0000000000
1.0000000000 58.0000000000
1.0000000000 57.0000000000
1.0000000000 33.0000000000
1.0000000000 56.0000000000
1.0000000000 33.0000000000
1.0000000000 28.0000000000
1.0000000000 48.0000000000
1.0000000000 56.0000000000
1.0000000000 28.0000000000
1.0000000000 48.0000000000
1.0000000000 56.0000000000
1.0000000000 27.0000000000
1.0000000000 52.0000000000
1.0000000000 33.0000000000
1.0000000000 33.0000000000
1.0000000000 34.0000000000
1.0000000000 34.0000000000
1.0000000000 48.0000000000
1.0000000000 47.0000000000
1.0000000000 57.0000000000
1.0000000000 56.0000000000
1.0000000000 56.0000000000
1.0000000000 56.0000000000
1.0000000000 33.0000000000
1.0000000000 53.0000000000
1.0000000000 56.0000000000
1.0000000000 28.0000000000
1.0000000000 56.0000000000
1.0000000000 56.0000000000
1.0000000000 33.0000000000
1.0000000000 27.0000000000
1.0000000000 41.0000000000
1.0000000000 42.0000000000
1.0000000000 56.0000000000
1.0000000000 56.0000000000
1.0000000000 53.0000000000
1.0000000000 41.0000000000
1.0000000000 47.0000000000
1.0000000000 46.0000000000
1.0000000000 44.0000000000
1.0000000000 73.0000000000
1.0000000000 61.0000000000
1.0000000000 28.0000000000
0.0000000000 0.0000000000
1.0000000000 44.0000000000
1.0000000000 89.0000000000
1.0000000000 69.0000000000
1.0000000000 40.0000000000
1.0000000000 52.0000000000
1.0000000000 65.0000000000
0.0000000000 0.0000000000
1.0000000000 61.0000000000
1.0000000000 66.0000000000
0.0000000000 0.0000000000
0.0000000000 0.0000000000
0.0000000000 0.0000000000
1.0000000000 73.0000000000
1.0000000000 66.0000000000
1.0000000000 66.0000000000
1.0000000000 61.0000000000
1.0000000000 73.0000000000
1.0000000000 53.0000000000
1.0000000000 64.0000000000
1.0000000000 70.0000000000
1.0000000000 58.0000000000
1.0000000000 35.0000000000
1.0000000000 66.0000000000
1.0000000000 60.0000000000
1.0000000000 33.0000000000
1.0000000000 40.0000000000
1.0000000000 69.0000000000
1.0000000000 50.0000000000
1.0000000000 44.0000000000
1.0000000000 49.0000000000
1.0000000000 54.0000000000
1.0000000000 70.0000000000
1.0000000000 52.0000000000
1.0000000000 39.0000000000
1.0000000000 65.0000000000
1.0000000000 62.0000000000
1.0000000000 54.0000000000
1.0000000000 65.0000000000
1.0000000000 38.0000000000
1.0000000000 64.0000000000
1.0000000000 72.0000000000
1.0000000000 30.0000000000
1.0000000000 27.0000000000
1.0000000000 57.0000000000
1.0000000000 44.0000000000
1.0000000000 45.0000000000
1.0000000000 23.0000000000
1.0000000000 57.0000000000
1.0000000000 39.0000000000
1.0000000000 72.0000000000
1.0000000000 68.0000000000
1.0000000000 33.0000000000
1.0000000000 54.0000000000
1.0000000000 34.0000000000
1.0000000000 62.0000000000
1.0000000000 66.0000000000
1.0000000000 46.0000000000
1.0000000000 40.0000000000
1.0000000000 67.0000000000
1.0000000000 31.0000000000
1.0000000000 65.0000000000
1.0000000000 41.0000000000
1.0000000000 68.0000000000
1.0000000000 29.0000000000
1.0000000000 27.0000000000
1.0000000000 70.0000000000
1.0000000000 62.0000000000
1.0000000000 69.0000000000
1.0000000000 45.0000000000
1.0000000000 64.0000000000
1.0000000000 68.0000000000
1.0000000000 38.0000000000
1.0000000000 45.0000000000
1.0000000000 40.0000000000
1.0000000000 45.0000000000
1.0000000000 62.0000000000
1.0000000000 45.0000000000
1.0000000000 37.0000000000
1.0000000000 66.0000000000
1.0000000000 54.0000000000
1.0000000000 70.0000000000
1.0000000000 41.0000000000
1.0000000000 70.0000000000
1.0000000000 44.0000000000
1.0000000000 20.0000000000
