non-scaled circles -- min: -6.37181282043457, max: 2.7506167888641357

0.1569412053 1.2440248728
0.1569412053 0.7418274879
0.1569412053 1.7462221384
0.1569412053 -0.7647644281
0.1569412053 -0.4508911073
0.1569412053 -1.1414123774
0.1569412053 0.4279541969
0.1569412053 -0.2625671029
0.1569412053 -1.0786377192
0.1569412053 1.3067995310
0.1569412053 1.4323488474
0.1569412053 -0.3253417611
0.1569412053 1.7462221384
0.1569412053 -0.5136657357
0.1569412053 -0.0114684477
0.1569412053 1.0557007790
0.1569412053 0.7418274879
0.1569412053 -0.0114684477
0.1569412053 -0.3881164193
0.1569412053 -0.0742431134
0.1569412053 -0.0742431134
0.1569412053 1.5578981638
0.1569412053 1.5578981638
-6.3718128204 -2.8363282681
0.1569412053 -0.3881164193
0.1569412053 1.3067995310
0.1569412053 -0.0742431134
0.1569412053 1.4323488474
0.1569412053 0.0513062142
0.1569412053 0.5535035133
0.1569412053 -0.3253417611
0.1569412053 -1.5808349848
-6.3718128204 -2.8363282681
0.1569412053 1.5578981638
0.1569412053 -0.3253417611
0.1569412053 -0.0114684477
0.1569412053 1.0557007790
0.1569412053 -0.3253417611
0.1569412053 0.9929261804
0.1569412053 1.6834474802
0.1569412053 1.2440248728
0.1569412053 0.9929261804
0.1569412053 -0.4508911073
0.1569412053 -0.6392151117
0.1569412053 0.8046022058
0.1569412053 0.4279541969
0.1569412053 1.4951235056
0.1569412053 0.5535035133
0.1569412053 2.7506167889
0.1569412053 1.5578981638
0.1569412053 1.0557007790
0.1569412053 0.4907288551
0.1569412053 1.1812502146
0.1569412053 0.5535035133
0.1569412053 -0.9530884027
0.1569412053 1.6834474802
0.1569412053 -1.0158630610
0.1569412053 0.2396302074
0.1569412053 1.4951235056
0.1569412053 1.5578981638
0.1569412053 1.3067995310
0.1569412053 -0.7647644281
0.1569412053 0.3024048805
0.1569412053 -1.1414123774
0.1569412053 -0.0742431134
0.1569412053 1.2440248728
0.1569412053 -0.0114684477
0.1569412053 -0.8903137445
0.1569412053 0.9301515222
0.1569412053 1.4951235056
-6.3718128204 -2.8363282681
0.1569412053 -0.0114684477
-6.3718128204 -2.8363282681
0.1569412053 -1.3925110102
-6.3718128204 -2.8363282681
0.1569412053 1.2440248728
0.1569412053 -0.2625671029
0.1569412053 1.1812502146
0.1569412053 1.3067995310
0.1569412053 -0.7019897699
0.1569412053 1.7462221384
0.1569412053 1.3695741892
0.1569412053 1.3067995310
0.1569412053 1.4323488474
0.1569412053 -0.0742431134
0.1569412053 1.3067995310
0.1569412053 1.0557007790
0.1569412053 0.9929261804
0.1569412053 0.5535035133
0.1569412053 1.1812502146
0.1569412053 -1.1414123774
0.1569412053 -0.7647644281
0.1569412053 -0.7647644281
0.1569412053 -0.2625671029
0.1569412053 0.6790528297
0.1569412053 -0.7647644281
0.1569412053 -0.7647644281
0.1569412053 -0.8903137445
0.1569412053 -0.7647644281
0.1569412053 -1.1414123774
0.1569412053 0.6790528297
0.1569412053 -0.7647644281
0.1569412053 -0.7647644281
0.1569412053 0.7418274879
0.1569412053 -0.2625671029
0.1569412053 -0.0114684477
0.1569412053 -0.1997924447
0.1569412053 0.4279541969
0.1569412053 0.6790528297
0.1569412053 -0.7647644281
0.1569412053 -1.0786377192
0.1569412053 0.1768555492
0.1569412053 0.8046022058
0.1569412053 0.7418274879
0.1569412053 0.4907288551
0.1569412053 -1.1414123774
0.1569412053 0.7418274879
0.1569412053 0.6790528297
0.1569412053 -1.1414123774
0.1569412053 -0.7647644281
0.1569412053 -0.7647644281
0.1569412053 0.1768555492
0.1569412053 -1.0786377192
0.1569412053 -1.0786377192
0.1569412053 0.4279541969
0.1569412053 0.6790528297
0.1569412053 -0.7019897699
0.1569412053 0.7418274879
0.1569412053 0.1768555492
0.1569412053 -0.7019897699
0.1569412053 0.1140808761
0.1569412053 -0.1997924447
0.1569412053 -1.0786377192
0.1569412053 -0.7019897699
0.1569412053 0.6790528297
0.1569412053 -1.0786377192
0.1569412053 -0.7019897699
0.1569412053 -0.7647644281
0.1569412053 0.6790528297
0.1569412053 -0.7019897699
0.1569412053 0.6790528297
0.1569412053 0.8046022058
0.1569412053 0.1140808761
0.1569412053 -1.1414123774
0.1569412053 0.6790528297
0.1569412053 -0.7647644281
0.1569412053 0.6790528297
0.1569412053 -1.0786377192
0.1569412053 0.1768555492
0.1569412053 0.1768555492
0.1569412053 0.6790528297
0.1569412053 -1.1414123774
0.1569412053 -1.1414123774
0.1569412053 0.2396302074
0.1569412053 -0.7647644281
0.1569412053 -1.0158630610
0.1569412053 0.4279541969
0.1569412053 -0.7647644281
0.1569412053 0.1140808761
0.1569412053 -1.0786377192
0.1569412053 0.7418274879
0.1569412053 0.0513062142
0.1569412053 0.6790528297
0.1569412053 0.4279541969
0.1569412053 -1.0786377192
0.1569412053 -0.5136657357
0.1569412053 -0.4508911073
0.1569412053 -1.1414123774
0.1569412053 0.6790528297
0.1569412053 0.7418274879
0.1569412053 0.6790528297
0.1569412053 0.6790528297
0.1569412053 -1.0786377192
0.1569412053 0.1768555492
0.1569412053 0.4907288551
0.1569412053 -0.7647644281
0.1569412053 -1.1414123774
0.1569412053 -1.0786377192
0.1569412053 -1.0786377192
0.1569412053 0.6790528297
0.1569412053 -0.7647644281
0.1569412053 0.1768555492
0.1569412053 0.4279541969
0.1569412053 -0.7019897699
0.1569412053 -0.7647644281
0.1569412053 -1.1414123774
0.1569412053 0.6790528297
0.1569412053 0.1768555492
0.1569412053 -1.1414123774
0.1569412053 -1.0786377192
0.1569412053 -1.0786377192
0.1569412053 0.6790528297
0.1569412053 -0.7647644281
0.1569412053 0.1768555492
0.1569412053 -1.1414123774
0.1569412053 -1.1414123774
0.1569412053 0.2396302074
0.1569412053 -1.1414123774
0.1569412053 -1.4552856684
0.1569412053 0.7418274879
0.1569412053 -0.7647644281
0.1569412053 0.6790528297
0.1569412053 0.1140808761
0.1569412053 -1.1414123774
0.1569412053 -1.0786377192
0.1569412053 0.6790528297
0.1569412053 -0.1370177716
0.1569412053 0.7418274879
